
Relatório de atividade


Atividade 1 Análise de Algorítmos
Nome: Pedro Kourly
Turma: 6ºP Ciência da Computação
Professor: André Chaves
===================================
          Multiplicação tradicional [O(n³)]
==================================
Report for Matrix Size 1x1
=====================================

Matrix A:
[[93]]

Matrix B:
[[5]]

Multiplication Result:
[[465.]]

Execution Time: 0.00000 seconds


Report for Matrix Size 2x2
=====================================

Matrix A:
[[81 62]
 [ 8 38]]

Matrix B:
[[34 75]
 [70 38]]

Multiplication Result:
[[7094. 8431.]
 [2932. 2044.]]

Execution Time: 0.00000 seconds


Report for Matrix Size 3x3
=====================================

Matrix A:
[[41  2 93]
 [40 25 86]
 [44 86 57]]

Matrix B:
[[32  4 13]
 [63 18 59]
 [96 46  4]]

Multiplication Result:
[[10366.  4478.  1023.]
 [11111.  4566.  2339.]
 [12298.  4346.  5874.]]

Execution Time: 0.00000 seconds


Report for Matrix Size 4x4
=====================================

Matrix A:
[[59 10 27 39]
 [46 29 49 23]
 [47 99 79 76]
 [63 75 31 27]]

Matrix B:
[[89  1 80 36]
 [ 3 47 86 98]
 [81 47 72 24]
 [47 33 38 24]]

Multiplication Result:
[[ 9301.  3085.  9006.  4688.]
 [ 9231.  4471. 10576.  6226.]
 [14451. 10921. 20850. 15114.]
 [ 9612.  5936. 14748. 11010.]]

Execution Time: 0.00000 seconds


Report for Matrix Size 5x5
=====================================

Matrix A:
[[38 43 16 84 48]
 [55 77 30 35  4]
 [15 27 36 89 85]
 [13  9 41 24 29]
 [ 5 66 46 17 40]]

Matrix B:
[[23 32 97 78 48]
 [84 34 69 47 18]
 [63 93 45 63 69]
 [83 13 14 15 99]
 [46 66 65 90 27]]

Multiplication Result:
[[14674.  8426. 11669. 11573. 13314.]
 [12712.  7887. 12748. 10684.  9669.]
 [16178. 11513. 11709. 13692. 14796.]
 [ 6964.  6761.  5948.  6990.  6774.]
 [11808.  9543.  9947. 10245.  7365.]]

Execution Time: 0.00101 seconds


Report for Matrix Size 6x6
=====================================

Matrix A:
[[64 39 18 99 43 18]
 [31 67 25 92 47 15]
 [40 24 30 46 58 58]
 [18 17 18 59  9 29]
 [83 17  6 41 13  5]
 [94 20 68 28  4 12]]

Matrix B:
[[67 99 32 35 77 53]
 [91 46 89 32 68 36]
 [82 22 24 28 12 94]
 [ 4 36 90  7 68 10]
 [99 36 44 42 91 36]
 [23 80 26 45 41 61]]

Multiplication Result:
[[14380. 15078. 17221.  7301. 19179. 10124.]
 [15590. 12905. 18293.  7222. 18391.  9932.]
 [14584. 14108. 12336.  8376. 15856. 11890.]
 [ 6023.  7728.  8981.  3774.  8778.  5941.]
 [ 9166. 11475.  8705.  4675. 11795.  6758.]
 [14478. 13834.  9428.  6738. 12174. 13250.]]

Execution Time: 0.00000 seconds


Report for Matrix Size 7x7
=====================================

Matrix A:
[[ 7 39 67 64  4 39 17]
 [81 91 39  8 52 26 56]
 [48 13 48  8 39 40 91]
 [10 66 84 70 31  9 44]
 [63 56 18 41 84 70 15]
 [58 36 25 56 63 70 47]
 [16 95  6 14 41 82 63]]

Matrix B:
[[79 90 10 52  5 26  4]
 [46 97 56 27 63 50 86]
 [78 45 25 99 80 42 37]
 [40 43 32 60 70  4 34]
 [42 61 98 57 43 13 88]
 [67  7 45 19 47 82 97]
 [97 64 44 13 42  1 60]]

Multiplication Result:
[[14563. 11785.  8872. 13080. 15051.  8469. 13192.]
 [23305. 25154. 15867. 15196. 15628. 11190. 20323.]
 [21599. 16568. 12290. 12245. 12838.  7824. 16130.]
 [19351. 18862. 13515. 17328. 19432.  8553. 17445.]
 [20270. 20249. 17570. 15343. 15685. 12205. 22210.]
 [22323. 19586. 16405. 15355. 16451. 11188. 21311.]
 [19989. 18634. 16558.  9545. 15788. 12794. 24274.]]

Execution Time: 0.00000 seconds


Report for Matrix Size 8x8
=====================================

Matrix A:
[[52 14  7 61 86 82 97 44]
 [66 44 86 95 72 29 13 93]
 [89 31 21 77 68 98 87 94]
 [10 29 79 26  3 41 46 28]
 [ 5 60 41 30 16 34 81 87]
 [ 5 23 19 27 38  3 71 48]
 [94 64 38 75 78 66 55 97]
 [32  3 66 99 63 38 34 44]]

Matrix B:
[[75 64 48 66 96 72 94 92]
 [43  8 19 96 44 68 67 40]
 [92 15 91 52 62 41 79 22]
 [48 42 75 49 72 11 80 40]
 [74 47 64 35 55 57 32 11]
 [17 75 49 50 58  6  9 96]
 [76 59 11 92 19 23 79 75]
 [22 49 78  4 33 68 99 53]]

Multiplication Result:
[[24172. 24178. 21995. 24339. 23215. 16271. 26768. 26363.]
 [28169. 20739. 32381. 23245. 29402. 23216. 36345. 23004.]
 [29014. 29778. 29990. 29375. 30933. 23081. 37499. 34633.]
 [15544. 10451. 15061. 15325. 13347.  9596. 18075. 13761.]
 [17999. 15019. 17728. 19752. 15084. 15346. 25959. 19088.]
 [13723. 10475. 11535. 13053.  9811. 10081. 17276. 11453.]
 [30106. 26862. 31208. 29477. 31960. 26206. 39164. 31504.]
 [22213. 17193. 24724. 18092. 22191. 13896. 25743. 17699.]]

Execution Time: 0.00000 seconds


Report for Matrix Size 9x9
=====================================

Matrix A:
[[57 96 57  4 33 43 90 96 97]
 [28 25 94 54 56 11  4 74 88]
 [24  4 67 12 18 80 34  5 15]
 [ 8 31 30  8  6 64 62 27  7]
 [57 86 99 83 21 43 50  9 73]
 [ 4 27 58 35 94 41 63 43 36]
 [27 37 92 64 45 62 24 10 85]
 [87 13 89  7 29 72 75  7 61]
 [97 38 65 95 58 18 40 97 91]]

Matrix B:
[[24 79 24 41  8 28 58  6 68]
 [15  4 63 65 64 69 54 59  8]
 [18 71 72 21 53 64 31 67 37]
 [45 56 91 45 33 86 48 59 90]
 [54  7 75 29 22 24 36 31 17]
 [53 45 75 55 46 47 13 68  6]
 [64 44 28 69 98 60 39 61 12]
 [68 92  8 65 89 26 14 56 33]
 [40 98 43 50  9 18 46 72 13]]

Multiplication Result:
[[24243. 33622. 25043. 30576. 30694. 24667. 21512. 31858. 13441.]
 [17584. 28505. 23442. 18892. 18096. 18778. 15879. 24335. 15094.]
 [10710. 14493. 15731. 11534. 12383. 12900.  8035. 15009.  6777.]
 [11357. 12154. 12536. 13410. 15520. 12671.  7618. 14695.  4834.]
 [18320. 28788. 30878. 24400. 22744. 28077. 21752. 29331. 18158.]
 [18765. 19261. 22939. 18635. 20268. 18426. 13800. 22113. 10271.]
 [17071. 25808. 27859. 19595. 17421. 21925. 16900. 26040. 14156.]
 [17298. 27001. 22306. 20077. 18948. 19491. 16652. 22819. 12792.]
 [25225. 38568. 29556. 28374. 25264. 26466. 23679. 30230. 23813.]]

Execution Time: 0.00100 seconds


Report for Matrix Size 10x10
=====================================

Matrix A:
[[ 8 52 77 36 51 49 80 45 78 34]
 [90 94 36 57 25 15 80 78 61 34]
 [38 89 48 54 98 73 19 19 94 78]
 [67  5 28  6 91 98 83 19 18 81]
 [37 44 23  4 91 14 16 13 45 57]
 [ 6 30 27 37  6 32 71 52 13 43]
 [65 38 74 42 79 44 53  5 28 42]
 [90 64 92 64 12 13  1  1 93 60]
 [30 21 72 36 65 34 84 40 35 85]
 [71 49 90 45 72 61  7 22  2  3]]

Matrix B:
[[86 56 32  3 45 49 82 87 84 68]
 [55 85 87 96 21 40 89 79 54 19]
 [98 82 18 36 76 35 50 30 49 50]
 [22 33 29 71 37 63 22 70 94 88]
 [92 40 79 60 97 39 13 87 86 80]
 [64 92 57 37 81  5 98  5 23 36]
 [37 85 89  3  8 88  6 57 72 70]
 [21 64 43 26 51 64  5 39 29 92]
 [69 18 86 28 32 53 95 26 90 60]
 [36 55 41  5 64 63 33 85 18 89]]

Multiplication Result:
[[30225. 31872. 31189. 18981. 25159. 25865. 24628. 25549. 30847. 31840.]
 [30983. 35003. 33303. 20838. 23255. 31478. 28382. 34654. 36377. 36724.]
 [38139. 34860. 37082. 26374. 33765. 27475. 34766. 35346. 37316. 37555.]
 [31185. 32377. 29105. 12853. 29628. 23457. 23234. 28716. 27519. 33234.]
 [23234. 18895. 21719. 13356. 20325. 16465. 17060. 23086. 21740. 22727.]
 [14390. 21467. 18095. 10185. 13883. 18138. 11880. 17042. 16741. 21577.]
 [31450. 29171. 25747. 17140. 26391. 22356. 23064. 28424. 30129. 30030.]
 [32255. 26935. 24239. 18404. 23846. 23616. 31340. 28849. 32422. 30078.]
 [29162. 31290. 27891. 15109. 26926. 26965. 19732. 29257. 28826. 34856.]
 [30106. 27702. 20489. 18593. 26088. 16856. 23028. 24031. 26221. 25076.]]

Execution Time: 0.00100 seconds


Report for Matrix Size 11x11
=====================================

Matrix A:
[[39 49 56 99 39 68 34 61 47 94 33]
 [48 68 22 68 50 29 15 34 31 35  8]
 [47 76 63 96 22 72 25 52 24 68 63]
 [85 80 18 82 41 65 67 45 12  2 98]
 [23 25 93 43 42 56 63 51 90 62 89]
 [96 66 88 64 49 98 88 62 59  8 83]
 [11 69 11 15 67 17 47 44 75 43 86]
 [34 67 72 16 46 29 90 50 33 65 18]
 [75 63 48  3 66 79 18 31 83 76  2]
 [18 76 88  1 32  1 81 73 60 87 16]
 [64 85  8 18 89 76 42 66 50 96 90]]

Matrix B:
[[ 6 27 29 41  9 27 17 13 82 84 19]
 [35  9 51 64 71 79 75 69 46 91 50]
 [56 77 86  7 30 68 40 77 36 58 34]
 [20  5 14 75 49  9 48 78  8 15 46]
 [65 58 92 49 45 75 18 94 47 60 61]
 [36 97 35 15 18 46 26  7 70 38 53]
 [34 87 98 16 69 13 97 79 24 52 48]
 [46 79 54 26 81 59 63 10 88 93 57]
 [52 32 25 74 55 94  1 41 67 55 69]
 [37 14  5  6 22 22 52 75 54  2 60]
 [21 71 27 90 50 60 36 46 40 59 61]]

Multiplication Result:
[[22625. 28099. 24962. 24625. 26930. 28183. 27064. 33855. 30582. 29553.
  31637.]
 [14703. 15696. 17791. 18807. 18688. 20225. 17450. 23006. 20419. 22807.
  20160.]
 [20741. 28020. 24444. 26196. 26602. 28308. 27424. 32243. 29436. 31323.
  30152.]
 [18067. 30248. 27240. 29827. 27890. 27220. 27507. 29609. 28831. 35739.
  28652.]
 [25158. 35667. 30257. 26693. 29019. 34025. 26104. 34800. 31560. 33238.
  33647.]
 [26758. 43077. 38280. 32351. 33960. 38053. 32509. 37271. 39024. 45298.
  36615.]
 [19283. 24048. 23147. 25051. 25562. 28801. 20908. 27747. 24718. 28553.
  27476.]
 [20794. 27650. 29222. 17267. 25004. 25767. 26774. 31050. 25783. 29568.
  25968.]
 [21745. 25671. 24342. 19959. 21217. 30534. 19112. 26936. 32337. 30478.
  27598.]
 [22619. 26992. 29206. 17472. 27221. 28803. 27792. 32197. 27448. 30924.
  27570.]
 [25194. 33935. 29819. 29735. 30712. 35972. 28739. 34983. 38043. 38647.
  36501.]]

Execution Time: 0.00100 seconds


Report for Matrix Size 12x12
=====================================

Matrix A:
[[84 66 92 10 17 63  2 62 58 30 19  1]
 [26 27 40 75 38 46 47 20 96 31 18 46]
 [10 21 39 39  9  4 70 45 24 95 19 50]
 [51 19 32  7 28 44 77 75 47 62  8 29]
 [48 87  8 19 90 32 22 40  5 43 28 81]
 [55  7  3 27 18 90 43 89 36 70 30 95]
 [86 85 72  1 17  7 22 18 33 79 70 34]
 [81  8  4 27  5 85 53 33  1 59 26 75]
 [30  5 31 85 25 70 28 27 10 59 86 14]
 [20 52 84 89 81 50 45 66 97  8 83 87]
 [ 3 69 10 91 63 39 33 54  6 49 98 37]
 [58 82 44 23 89 66 78  4 93 63 33 20]]

Matrix B:
[[22 71 41 78 24 70 82 87 41 94 96 28]
 [40 86 67  9  2 94 88 26 38 10 77 49]
 [30 90 63 14 55 23 21 61 47 22 54 97]
 [50 36 27 37 40  7 77  5 47 24 41 74]
 [68 58 65 85 16  7 31 45 74 83 23 19]
 [84  8 38 10  5  8 47 14 26 88 48 62]
 [70 18 34 83 86 71 53 98 42  8 61 68]
 [98 22 63 30 52 73 54  3  7 44  6 72]
 [83 26 60  5 33 13 70 20 25 80 87 59]
 [21 64 48 70 92 43 29 58 45 81 90 16]
 [69 46 46 11 65  7  5 35 57 28 88 97]
 [80 58 13 72 74 19 55  2 24 79 16 96]]

Multiplication Result:
[[27247. 27530. 27212. 15576. 17574. 21757. 27420. 20282. 18067. 28200.
  31867. 29920.]
 [31841. 22302. 23170. 19957. 22392. 14815. 28273. 17239. 19544. 28181.
  29341. 32013.]
 [23736. 20712. 18803. 21502. 26978. 17674. 20377. 18201. 16057. 20680.
  24331. 25976.]
 [29607. 20639. 22945. 23068. 24413. 21515. 24855. 21439. 16738. 27265.
  27114. 27202.]
 [29724. 27914. 23853. 25513. 20033. 20872. 27035. 17531. 20839. 29302.
  25771. 27334.]
 [37574. 22551. 23436. 26313. 28251. 20655. 29066. 17856. 18072. 36523.
  28571. 34700.]
 [24498. 32872. 26471. 21312. 24792. 23686. 25936. 24922. 21863. 27222.
  37592. 30445.]
 [27112. 19769. 17337. 23930. 22740. 17747. 24286. 18844. 16081. 29713.
  26226. 27116.]
 [27349. 20322. 20321. 18057. 22781. 12107. 20714. 16646. 20050. 24332.
  28201. 30265.]
 [49722. 35914. 36005. 27819. 33382. 21662. 37865. 23097. 30177. 38376.
  39368. 52547.]
 [34087. 26017. 25635. 21668. 25063. 18175. 26352. 16363. 23761. 24793.
  29678. 35112.]
 [37393. 32268. 32844. 28226. 26056. 24451. 34480. 29271. 27770. 36834.
  42183. 34603.]]

Execution Time: 0.00110 seconds


Report for Matrix Size 13x13
=====================================

Matrix A:
[[ 1 52 19 99 12 41 36 88 36 62 96 72 78]
 [28 99 18 67 50 31 63 67 40 46 32 24 88]
 [33 11 87 73 37 94 56 28 92 27 54  7 27]
 [56 15 73 98 45 17 26 79 91 46 55 96 94]
 [89 12 98 58  3 92 11 51 30 98 67 12 82]
 [18 47  3 70 25 25 32 68 98  2 89 73 53]
 [28 59 81 45 34 84 74  9 12 30 81 96 35]
 [27 58 20 87 59 99 91 15 28 47 44 73 26]
 [83 12 28 53 67 64 46  6 38 90 18  2 51]
 [80 45 57 73 76 68  3 25 76 37 65 68 74]
 [53 67 45  6  6 97 57 50 99 65  4 28 37]
 [82 75  8  6 74 36 22 72 23  2 30  2 37]
 [91 92 35 72 13 80 24 21 27 58 13 20  3]]

Matrix B:
[[66 96 36 54 10 56 51 86 70 32 73  6  6]
 [34 40 66 88 79 77  1 91 17 29 16 57 21]
 [18 12 39  6 41  3  7  9 50 51 45 53 64]
 [88 32 68 91 15 56 99 78  1  3  6 35 43]
 [36 11 48 63 57 28 66 26 81 19 65 45 75]
 [21 97 96 72 91 71 55 70  6 80 39 13 32]
 [32 66 16  5 19  5 97 57 69 98 10 84 14]
 [95 25 73 92 35 81 93 34  9 18 60 76 51]
 [19 26 57 16 68  1 57 60 24 28 20 28 69]
 [62 67  6 36 58 21 63 70 25 79 12 53  6]
 [66 46 38 65 68 93  1 57 31 18 27 28 57]
 [ 2 66 62 96 35 70 51 75 17 29 88  8 25]
 [83 59 16 34 77 11 45 92 71 29  6  5 70]]

Multiplication Result:
[[39175. 33117. 34237. 44349. 35659. 36380. 37996. 45485. 18649. 23410.
  21233. 26175. 29363.]
 [35342. 30768. 30743. 37962. 34237. 28970. 36027. 43484. 23554. 24274.
  18805. 27233. 26941.]
 [27541. 29649. 32335. 29414. 32386. 23770. 33749. 35499. 21190. 26913.
  19649. 23420. 28784.]
 [40663. 35683. 37501. 44256. 36773. 32920. 44124. 48673. 27520. 25111.
  29658. 26688. 36519.]
 [38285. 39072. 31537. 35591. 36277. 30313. 34300. 43954. 24678. 30295.
  23533. 22989. 27993.]
 [30314. 27117. 32057. 37522. 31222. 30809. 32278. 39292. 17439. 17295.
  20750. 20893. 28270.]
 [26014. 35540. 33112. 37616. 34359. 32169. 30514. 41161. 23169. 29616.
  25114. 24058. 25734.]
 [28964. 36822. 34875. 40171. 33782. 31764. 39243. 44072. 22048. 30216.
  22719. 25520. 24400.]
 [28579. 31598. 23340. 27084. 27473. 20063. 32901. 36112. 23881. 25635.
  18308. 19297. 20652.]
 [35201. 37054. 37510. 43081. 39051. 33672. 36649. 47702. 27458. 24958.
  28832. 21900. 33456.]
 [25243. 34131. 31168. 29951. 34363. 24191. 32424. 39645. 19784. 30176.
  20299. 23589. 22504.]
 [25214. 23145. 24417. 29450. 24234. 24699. 23835. 29347. 19990. 15436.
  20028. 18310. 19468.]
 [26267. 31835. 29499. 33790. 26920. 28069. 28006. 38346. 16188. 23197.
  18952. 19771. 16418.]]

Execution Time: 0.00199 seconds


Report for Matrix Size 14x14
=====================================

Matrix A:
[[46 10 13 33 95 77 60 50 44 55 98 65 62  2]
 [49 10 59 26  2 28 32 63 56 90 69 97 11 16]
 [98 52 63 72 57 69  2 71  9  2 27 68 66 43]
 [72 25 79 11 22 25 58 76 25 89 17  1 19 44]
 [89 30 78  6 12 69 67  2 15 46 99 53 66 21]
 [91 97 54 43 60 22 15 94 96  9 12 15 99 77]
 [25 87 33 46 96 66 81 23 76 22 75 87 40 10]
 [54 51 34 46  5 41  4 78 15 49 11 25 17 38]
 [39 34 98 79  5 24 60 65 99  4 78 12 98 72]
 [24  4 98 84 68  2 19 59 17 50 51 92  3 55]
 [55 84 27 26 60 53  4 36 26 14  1 53 39 20]
 [11 78 35 87 29 60  7 42 27 33 84 79 78 43]
 [68 27 28 44 84 60 20 56 88 24 92 77 24 80]
 [33 18 92 33 97 39 37 80 76 49 26 69  9 74]]

Matrix B:
[[ 2 76 69 90 66 35 31 87  1 81 32 65 24 19]
 [34 56 11 68 82 32 59 72 26 58  2 23 26  4]
 [24 99 65 23 13 25 23 28 68 66 62 25 86 29]
 [79 18 46 78 52 32 32 64 88 26 46 31 86 34]
 [70 17 91 35 81 59 55 57 10 20 92 58 25 98]
 [63  2 45 97 79 26 21 41 75  1 14 50 13 86]
 [24  6 88 18 23 75 29 13 73 94 99 82 59 89]
 [90 99  5 59 48 75 48 51 95 49 65 31 51  9]
 [43 34 62  9 83 21 23  5 91  2  2 81 59 68]
 [ 6 64 95 36 91 58 17 18  9  1 60 75 59 82]
 [ 9 20 55  4 71 99 63 74  8 50 48 89 57 38]
 [87  2 72 82  5 71 47 38 45 53 80 34 77 85]
 [47 37 88 48 44 60 99 35 11 92 34 76 78 31]
 [ 2 11 21 50 70  5 91 61 88 96 26 93 67 16]]

Multiplication Result:
[[32469. 22438. 46808. 33691. 42107. 41329. 31849. 32324. 29015. 30473.
  38276. 43917. 36188. 42840.]
 [24807. 26933. 37200. 28856. 32133. 33167. 23217. 25243. 29402. 26623.
  31655. 34838. 36207. 32237.]
 [33685. 30066. 37404. 43489. 37917. 31586. 33494. 37963. 33329. 37034.
  31717. 35103. 36828. 28998.]
 [17936. 31262. 33103. 26269. 32442. 26446. 22032. 24261. 27949. 29437.
  28890. 32992. 30493. 25307.]
 [20086. 25429. 42730. 31500. 34819. 34506. 28963. 30791. 24607. 36881.
  31425. 40560. 35270. 32809.]
 [32981. 37548. 39950. 40500. 47813. 32418. 40501. 38738. 39797. 43013.
  29731. 44267. 41428. 28396.]
 [35870. 22650. 46813. 36420. 44092. 40060. 34064. 34353. 35536. 34347.
  38058. 43509. 39412. 44461.]
 [20429. 24030. 21939. 28233. 28078. 20586. 20120. 23896. 25117. 22277.
  19618. 23590. 24574. 17570.]
 [29756. 32544. 42017. 32291. 41076. 34850. 37713. 33622. 44567. 43268.
  32333. 46454. 48249. 30118.]
 [29569. 26075. 36831. 30230. 30513. 31313. 27167. 29425. 33424. 29933.
  37090. 32274. 40051. 31215.]
 [24238. 20308. 26712. 30708. 29972. 21698. 23442. 25789. 21724. 23611.
  20822. 24433. 23203. 23154.]
 [32885. 23275. 36943. 37463. 39412. 34787. 35428. 34767. 32989. 33121.
  29767. 37390. 40220. 31052.]
 [33125. 25746. 43349. 37946. 47107. 37223. 36404. 38150. 38395. 35199.
  35266. 47351. 40455. 39401.]
 [33198. 30612. 42322. 33790. 40729. 33420. 31411. 31181. 41138. 33114.
  38737. 41029. 41035. 38864.]]

Execution Time: 0.00199 seconds


Report for Matrix Size 15x15
=====================================

Matrix A:
[[50  2 83 32 56 49 61 48 99 49  3 10 82  9 49]
 [60 25 91 21 14  8 49  9 61 92 20 19 61 77 26]
 [96  4 45 54 20  3 88 28 27 40 93 35 59  9  3]
 [98  5 68 68 52 38 52 35 40  3 14 12 29 98 86]
 [33 68 43 32 98 21 96 38 63 58 70 90 18 24 99]
 [94 12 69 20 23 47 39 94 95 35  7 20 55 41 11]
 [67 65 16 22 50 58 78 80 10 85 64 76 32 14 86]
 [15 15 15  4 18 81 74 11 50 39  3 58 19 96 40]
 [47 69 39 49  3 83 52 28 94 19 29 39 60 70 88]
 [75  4 34 47 97 10 18 73  7 36 88 52 86 44 43]
 [70 34 97 32 91 40 59 88 49 32 62 85 55 31  9]
 [69 83 20 56 88 67  1 52  3 72 93  1 73 57  9]
 [89 57 31 90 92 16 65 33 45  4  5 68 27  6 14]
 [46 53 76 17 70 91 96 44 22 83 92 49 93 28 21]
 [87 42 56 99 85 51 19 18 71 75 25 39 59 14 22]]

Matrix B:
[[24 15 98 60 89 74 73 41 70 71 95 23 66 89 87]
 [44 71 57  6 25 66 20 66 70 80 72 33 76 17 70]
 [30 42 91 46 84 20  2 20 81 89 43 11 56 25 72]
 [62 66 65  8 26 52 20 36 18 48 70 67 22 79 48]
 [56 62 30 77 66 35 60 31 77 37 36 24 24  5 21]
 [45 80 24 32 48 44 91 19 99  7 84 61 93 32 43]
 [96 24 54 89 99 65 31 83 78 20 95 26  2 18 32]
 [18 55 88 38  6 75 88 83 93 54 92 85 20 56 45]
 [94 25 10 96 30 75 18 76  6 27 81 60 51 12 30]
 [63 54 43 62 72 23 22 69 79 47 40 33 37 10 31]
 [97 65 50 84 72 63 46 95 72 20 55 49 43 96 32]
 [87 98 70 50 31 39 70  3 25 89 74 54 54 78 68]
 [36  9 69 53 26 86 97 12  5 81 83 50 71  7 48]
 [67 11 75 66 44 47 23 89 12 53 66 42 85 27 79]
 [92 70 89 67 83 55  3 34 22 61 40 69 27 62 72]]

Multiplication Result:
[[39440. 28549. 39662. 41736. 38298. 38138. 30436. 31379. 35851. 34894.
  47290. 30375. 31228. 21322. 32837.]
 [37452. 23933. 40195. 38388. 37983. 32691. 22499. 33496. 31578. 36077.
  41854. 24256. 32755. 20583. 34638.]
 [37512. 25460. 39232. 37374. 37822. 35559. 28956. 32712. 34284. 30789.
  44134. 24706. 25624. 30575. 30254.]
 [40945. 29213. 47931. 40329. 41941. 38224. 27615. 34318. 34017. 37152.
  47911. 30949. 33850. 31222. 40884.]
 [58951. 46824. 49852. 52023. 49926. 44998. 33131. 43840. 46582. 43497.
  54999. 37702. 34935. 34702. 41942.]
 [34226. 26168. 41725. 38600. 33822. 39039. 33291. 34434. 36925. 35200.
  49961. 30589. 33509. 25356. 35118.]
 [49767. 44666. 50488. 44798. 45760. 43925. 38397. 41402. 49551. 41462.
  55089. 37669. 35387. 36172. 41212.]
 [36963. 25423. 29856. 33087. 29902. 27881. 23345. 28283. 26761. 24571.
  38504. 24813. 29234. 17918. 28476.]
 [48956. 36643. 45786. 42283. 39385. 44722. 31546. 38604. 35473. 39344.
  55111. 37743. 41499. 30287. 42370.]
 [40820. 34403. 46992. 41868. 38446. 40172. 38364. 34403. 38208. 39078.
  47380. 32834. 32234. 33927. 36215.]
 [47130. 41527. 52162. 47714. 44769. 44722. 41760. 39790. 49722. 45717.
  57766. 35878. 38844. 34756. 42432.]
 [39556. 37184. 43790. 37839. 37941. 41120. 38246. 39412. 45265. 37457.
  49479. 32775. 39740. 30360. 37063.]
 [37405. 32602. 39391. 33616. 33997. 36080. 30081. 28270. 34319. 35470.
  46368. 27295. 27543. 28348. 33506.]
 [52433. 43540. 51095. 50848. 51173. 47035. 43851. 43643. 55172. 43603.
  60171. 36737. 43254. 32149. 42132.]
 [43260. 37466. 43829. 40433. 40633. 40370. 34116. 33463. 40171. 40403.
  51145. 32933. 36979. 30284. 38118.]]

Execution Time: 0.00233 seconds


Report for Matrix Size 16x16
=====================================

Matrix A:
[[55 84 80 25 22 80 50  8 96 71 77 69 64 29  7 27]
 [56 98 87 49 28 73 57 14 45 25  5 52 99 30 16 32]
 [94 25 56 59 12 43 29 13 72 93  3 21 77 90 32 74]
 [84  9 98  7  7 74 22 81 81 39 38 20 44 82 14 20]
 [79 19 16  9 88 30  8 70 67 39 55  6 79 26 62 43]
 [42 11 46 67 70 77 40 45 39 39 64 91 33 92 82  5]
 [99 21 23 66 93 55 22 27 80 59 39 96  8 79 73 71]
 [24 62 28 86 21 49 47 70  9 74 46 17 16 15 53 58]
 [75 24 43 94 90 36  1 59 21 92  9 79  3 37 31 69]
 [ 2 18 34 81 38 46 39 92 68 19 52 39 67 86 43 21]
 [61 44 83 38 41 33  8 82  9 22 18 97  1 72 68 33]
 [64 99 42  2 91 33 64 13 36 71 36 93 69 85 83  6]
 [14  6  5 75 18 56 20  8  4 15  1 97  5 30 50 57]
 [85 45 66 91 31  7 42 48 71 70  7 62  8 29 77 63]
 [27 82 19 18 65 80 16 47 49 32 34 85 59 18 45 81]
 [54 43 93 71 72 36 64 38 31  4 73 93 81  7 33 25]]

Matrix B:
[[86 11  6 78 57 11 12 88 62 69 32 55 54 54 65 16]
 [68 23 96 58  2 53 16 52 97 65 69 23 76 17 45 67]
 [51 94 10 74  6 23 49 87 18 46 71 26 82 50 85 12]
 [19 48  8 74 50 88 59 59 89 18 47 34 92 98 43 27]
 [77  4 66 32 23 10 85 94 79 93 39 62 99 53 48 41]
 [26 15 52 33 49  2 98 99 37 49 37 28 36 84 93 11]
 [92  6 22 24 15 20 16 66  4 16  8 68 59 19 79 69]
 [ 6 39 35 58 66 47 60 38 26 23 24 63 41 87 22 62]
 [71 11 91 49  4 16  1 25 51 16 14 39 27 68 53 31]
 [45  1 37 83 98 97 93 70 41 75 20 13 69 58 63  1]
 [89 55 69  1 51 99  1 84 50 35 87 60 78 91 13 73]
 [56 56 79  1 59 71 88  6 42 47 23 85 90 14 52  7]
 [85 13 40 18 88 93 42 16 46 73  4 39 57 74 48 95]
 [25 10  3 79 77 44 56 28  6 34 94  2  7  2 75 68]
 [87 29 89 84 28 79 68  5 55  3 58 93 66 40 92 39]
 [51 43 12 46 46 77 73 40 68  2 34 67 77 51 81 47]]

Multiplication Result:
[[52298. 24869. 42107. 37956. 35380. 41658. 37996. 48438. 40223. 38867.
  34177. 35561. 52649. 45450. 50080. 32616.]
 [46096. 22629. 33725. 36906. 31255. 35934. 36893. 42028. 37954. 36106.
  29612. 32153. 48834. 39110. 48291. 32303.]
 [44642. 19316. 27062. 46404. 41170. 41544. 40655. 41278. 36896. 33879.
  30837. 31045. 45290. 41802. 51874. 30068.]
 [37976. 21906. 26541. 39366. 33969. 29343. 33784. 41250. 27069. 30080.
  30783. 28886. 37064. 40835. 44688. 27659.]
 [44480. 15893. 33605. 34415. 33238. 34852. 33721. 37376. 35886. 32103.
  26143. 35464. 42402. 42175. 38887. 31687.]
 [47131. 24711. 38934. 40910. 40120. 42952. 47940. 44117. 37701. 34752.
  38190. 41123. 52195. 44347. 51208. 32418.]
 [52955. 23808. 41439. 47146. 41921. 44422. 50773. 47891. 46801. 37972.
  37845. 45676. 57699. 46683. 56316. 31033.]
 [35296. 20325. 28654. 36620. 31521. 40184. 37048. 38065. 35332. 25294.
  28283. 31665. 45150. 40010. 39334. 27342.]
 [38625. 22655. 29830. 42402. 38399. 40552. 48552. 43661. 41466. 34884.
  30161. 36331. 53248. 42510. 45191. 22881.]
 [38083. 21876. 32283. 36294. 35964. 40339. 38045. 35212. 32819. 27010.
  31544. 33779. 42796. 43600. 41348. 35365.]
 [36583. 25881. 30434. 38931. 31942. 34867. 41228. 35435. 32347. 28789.
  33720. 35673. 45506. 33652. 43625. 25114.]
 [57927. 20842. 46117. 43272. 39368. 44766. 45900. 44682. 42619. 43942.
  38028. 42068. 56631. 37423. 54544. 37851.]
 [22934. 15518. 20205. 21549. 22608. 26884. 32139. 20530. 23976. 15290.
  18220. 25516. 31963. 23120. 30579. 13976.]
 [45789. 24939. 33680. 47032. 33885. 42241. 41055. 40614. 41552. 29938.
  31539. 39639. 53026. 42114. 49820. 26758.]
 [44264. 21158. 40910. 32596. 33119. 39363. 43068. 37971. 40839. 33278.
  28999. 38337. 49619. 39929. 45050. 31222.]
 [51548. 29150. 37163. 34024. 33627. 42205. 39557. 45670. 40360. 36457.
  32949. 42472. 58046. 45505. 46253. 34476.]]

Execution Time: 0.00299 seconds


Report for Matrix Size 17x17
=====================================

Matrix A:
[[23 17 93 86 16 31 62 36 37 31 73 14 20 58 15 69  8]
 [60 68 41  4 10 93 24 61 38 63 73 36 66 28 11 83 59]
 [27 68 14 96 83 58  7 52 87  1 41 65 28 31 77 91 25]
 [87  4 65  5 62 97 60 16 43 34 89 73 50 20 27 71 60]
 [76  8 62  5 36 79  7 89 41 91 68 78 34 33 44 62 45]
 [62  4 32 40 69 49 91  5 43 84 28 50 18 19 53 64 23]
 [35 74 65 47 41 60 92  2  9 60 99 53 72  8 36 19 95]
 [37 55 83 33 33 86 18 74 88 52 19 25  3  3 74 99 25]
 [32 60  2 91 47 66 88 99 88 68 25 80 32 33 26 81 48]
 [51 76 64 72 51 12 11 80 88 10 96 80 35 34 63  5 40]
 [88 15 28 13 86 84 84 45 21 81 15 89 58 46 28 76 44]
 [ 5 70 11 64 24 86 22 33 48 12 46 29 15 90 73 93 50]
 [ 2 30  5 67 64  7 90 54 28 95 13 10 28 14 39 20 48]
 [98 12 50 43 24 30 65 34 53 93 70 68 33 42 96 31 77]
 [76 46 89  3 71 69 84 15 86 59 45 36 55 27 89 38 85]
 [54 86 23 83 35 56 37 85 30 88 69 74 69 57 51 46 29]
 [76 27 17 87 88 50 51 47 26 61 75 33 78 45  6  7 53]]

Matrix B:
[[87 12 32 68 91 35 69 43 32 93 73 60 35 89 27 95 49]
 [74 73 59 20 25 38 60 12  4 41 63 98 90 34 14 43 40]
 [14 62 90 56 42 29 63 87 89 46 10 65 70 66 69 82 13]
 [ 6 30 12 42 94 67 40 62 37 15 97 89  5 88 75 90 53]
 [36 46 39 31 28 29  1 77 47  8 43 92 11 32 45 62 31]
 [93  9 25 20 89 97 34 63 92 12 78 77 63 88 46 25 38]
 [67  7 57 29 31 16 44  9 34 48 25  7 29 52 86 96 21]
 [42 58 71 35 65 68 83 96 36 59 14 71 16  6 42 11  6]
 [79 11 11 88 67 56 25 38 78 18 68 69 30 78 92 48 96]
 [69 60 45 68  1 95 24 88 33 89 34 39 36 80 76 70 83]
 [53 31 17 52 56  2 23 55 62 47 73 11 62 34 14 57  8]
 [24 56 66 54 20  9  9 83 61 12 59 45 95 37 67 14 52]
 [ 4 40 11 43 65 20 71 39 53 40 47 97 55  3 39 94 18]
 [68 25 61 35 10 62 51 84 58 10 23 90 99 36 24 78 93]
 [80 78 27 99 20 60 66 84 54 63 12 95 15  6 16 78 86]
 [62 70  8 85 17 71 98 65 13 61 21 29 71 24 64 24 11]
 [27 62 51 75 76  6 98 67 32 71 25 90 72 55 13 72  1]]

Multiplication Result:
[[33187. 27460. 27720. 35654. 32816. 31953. 35080. 43059. 34947. 28130.
  31010. 40095. 34402. 35711. 37368. 44506. 26014.]
 [45898. 35492. 31358. 42660. 40626. 38530. 45475. 49101. 38475. 39280.
  37875. 51051. 46813. 39155. 36274. 44651. 28162.]
 [44560. 38190. 28336. 46656. 41395. 41395. 41090. 53045. 40030. 30116.
  42970. 60709. 39515. 38409. 41262. 45650. 37727.]
 [46704. 33245. 32790. 46732. 43602. 34406. 41651. 52828. 45782. 38155.
  40703. 50242. 46232. 44182. 41212. 51351. 29878.]
 [46905. 38202. 35857. 48186. 40331. 41785. 43209. 60043. 44082. 41554.
  37048. 52514. 44316. 41763. 40652. 46192. 34195.]
 [41796. 29178. 27540. 41204. 31074. 34774. 32744. 44844. 34751. 33757.
  32724. 42083. 32201. 39301. 40816. 47320. 32976.]
 [41842. 37292. 35614. 43245. 41943. 30582. 42612. 48489. 41151. 39489.
  40977. 53598. 46685. 42675. 38944. 57476. 28338.]
 [47245. 37829. 31574. 46973. 38076. 44618. 43805. 52478. 40450. 36566.
  34226. 53126. 38173. 40456. 42091. 42155. 33981.]
 [51341. 39814. 37260. 49682. 46322. 47903. 47394. 58013. 42787. 39494.
  46035. 60892. 44788. 47648. 52782. 52614. 40496.]
 [41970. 38477. 35906. 46629. 43916. 33585. 40729. 54261. 43651. 34483.
  42999. 59752. 42404. 39338. 38999. 50611. 36446.]
 [49341. 36429. 36871. 46333. 39728. 41433. 43316. 56700. 42415. 40329.
  39234. 55258. 45508. 44279. 45852. 53457. 35954.]
 [44765. 34170. 27415. 40976. 34936. 40420. 41747. 48101. 36290. 28792.
  35440. 54176. 42925. 34907. 33418. 42388. 34723.]
 [30535. 27162. 25010. 31449. 25782. 29676. 28986. 37427. 24697. 28788.
  25288. 39050. 22477. 29630. 33658. 40874. 26003.]
 [50424. 39186. 36803. 55032. 42715. 39417. 46262. 58706. 44474. 46712.
  40187. 56564. 43704. 46842. 43263. 60798. 41741.]
 [54452. 40867. 39575. 55330. 45586. 40463. 49224. 57736. 49871. 45182.
  40832. 63940. 47614. 48816. 46477. 63699. 40600.]
 [50141. 43219. 38584. 48723. 44971. 46463. 47914. 60734. 43584. 42505.
  46921. 64579. 48934. 44762. 44945. 56912. 41332.]
 [39326. 30736. 30533. 39377. 44483. 34645. 37593. 49914. 38993. 34743.
  42984. 55336. 36973. 42262. 38392. 55273. 31727.]]

Execution Time: 0.00451 seconds


Report for Matrix Size 18x18
=====================================

Matrix A:
[[50 34 66  3 43  8 96 77 89 51 92 12 21 89 46 37 59 47]
 [14 46 24 84 73  8 45 22  7 49 43 52 34 41 54 70 46 86]
 [ 6 28 35 71 44 34 89 71 49 61 71 69 63 15 24 90 46 62]
 [16 13 24 92 36 59 88  1 19 46 74 90 75  1 96 95 15 29]
 [41 68 45 53 71 49 53 51 30 61 14 74 46 36 65 11 17  7]
 [30 13 62 19 35 90 28 45 71 52 13 97 35 96 37 22 30 66]
 [37 92  9 90 86 44 29 49 98 97 13 24 18 39 20 24 23 75]
 [44 13 22  8 59 23 72 24 35 19 93 14 89 35 45 33 75 53]
 [90  8 67 35 55 75 20 54  1 47 32  9 53 73 97 98 54 17]
 [63 66 84 74 87 48 45 34 79  5 91 55 84 16 54 84 51 69]
 [62 88 55 11  2 93 38 43 78 92 99 51 58 65 58  4 41 69]
 [82 42 20 70 94 62 32 12 71 35 13 86 24 10  5 14  6 33]
 [55 28 54 91 53 18 57 77 30 70 30 36 24 55 53 33 18 85]
 [ 8  2 85 18 71 17 33 52 75 64 76 62  6 55 79 80 10 35]
 [92 40 90 14 52 85 93 21 76  4 69  9 27 79 39 32 92 39]
 [62 82  6 79 57 93 36  4 19 51 11 84 58 68 86  9 86 32]
 [ 2 54 53 70 59 97 38 92 44 16 54 31 99 96 54 92  8 29]
 [11 88 91 66  9 25 47 13 58 92 74 48 61 19 59 45 15  3]]

Matrix B:
[[26 91 77  2 30 28 34 84 98 36 65 72  2 66 33 80 95  7]
 [30 51 11 17 15 56 61 59 13 11 74 28 72 72 39 76 26 80]
 [25 71 51 38 36 22 96 93 77 86  2 42 55  4 55 26 86 51]
 [63 60 73 65 26 74 30 24 96  4 63 21 30 59 77 29 86  6]
 [17 24 25 48 81 98 27 20 43 13 52 88 12 17  4 72 90  3]
 [ 4 68 81  1 43 22 21 99 74 65 31 89 81 11  6  7 60 81]
 [44 85 82 23 47 91 46  3 47 76  8 18 13 18  3  2 53 29]
 [46 11 13 15 96 35 89 97 48 78 27 57 80 73 70 21 92 87]
 [52 75 78 88 47 93 78 59 18 13 57 50 22 77 26 71 84 12]
 [83 24 97 13 84 98  3 26 55  6 72 45  2 28 67 58 68 35]
 [85  3 57 23 42  7 26 32 96 89 95 30 68 86 21 78 32  8]
 [ 2 42 49 81 55  9 27 52 34 17  8 31 64  2 71 34 24 47]
 [43 17 45 14 23 65  2 37 70 22 14 62 30 82 92  1 12 16]
 [54 39 53 84 91 18 15 83 21 37 30 50 48 24 24 81 22 63]
 [12 90 76 94 40 95 36  6 84 83 16 99 85 20 65 50 80 98]
 [60 92 97 73 75 14 45 58 95 84 68 48 22 96 34 58 37 81]
 [62  3 17 69 92 58 69 90  6 59 72  9 28 76 61 90  7 86]
 [64 46 61 25 89 63 65 86 14 97 83 60 77 32 86 96 66 83]]

Multiplication Result:
[[44540. 44123. 52743. 40440. 55994. 49064. 44433. 51908. 46738. 50819.
  43364. 43310. 38821. 44892. 37207. 51707. 53040. 43290.]
 [36971. 38312. 46312. 37943. 47562. 45273. 32029. 39007. 43408. 38794.
  40860. 38163. 34581. 36566. 40323. 44512. 44035. 39362.]
 [44221. 43769. 55728. 39710. 54209. 49536. 39900. 47264. 52296. 47618.
  43752. 41674. 39338. 46499. 44964. 43343. 50605. 43368.]
 [36161. 48314. 58758. 41086. 43173. 47024. 29539. 35626. 58407. 44192.
  36986. 43185. 37986. 39011. 41594. 36211. 46758. 39177.]
 [28476. 39961. 44204. 33512. 41631. 45438. 31355. 39792. 43509. 32025.
  31479. 41476. 34993. 31210. 36617. 36115. 47346. 36889.]
 [32018. 42275. 50269. 39399. 51053. 40258. 35306. 53706. 40800. 40028.
  33180. 44892. 40617. 30312. 38957. 42044. 47444. 44057.]
 [39871. 42237. 50280. 36154. 50053. 55890. 37179. 46352. 41214. 31050.
  47544. 43611. 34615. 41149. 39944. 49636. 55339. 38199.]
 [35564. 32648. 42340. 30461. 43012. 41451. 30176. 38655. 41869. 41667.
  36744. 37518. 31011. 39559. 33393. 40612. 38038. 32782.]
 [35451. 48284. 54771. 38583. 51353. 42335. 35044. 52307. 58134. 48833.
  38584. 51359. 37990. 41168. 39679. 44815. 52656. 47697.]
 [45705. 55649. 61943. 47556. 55979. 55979. 49069. 59418. 63951. 54608.
  52678. 54737. 47878. 55570. 49850. 56823. 62419. 47858.]
 [44483. 47673. 59515. 37171. 53660. 50546. 41652. 59870. 52920. 49474.
  49321. 50937. 49541. 46559. 46169. 54270. 54539. 50356.]
 [24938. 38436. 42409. 29553. 36320. 39912. 27620. 38109. 39065. 23830.
  33607. 37810. 26576. 29279. 29541. 36433. 46072. 24766.]
 [39542. 43770. 51717. 36451. 51421. 49132. 38111. 46997. 48848. 42626.
  40654. 43601. 37605. 37503. 43924. 44821. 56177. 40955.]
 [36278. 42532. 51503. 43151. 50664. 42820. 37452. 42929. 48076. 44890.
  36521. 43704. 37377. 35037. 36111. 44297. 51127. 39940.]
 [39188. 51251. 55323. 39624. 52224. 47143. 44907. 59109. 51196. 52414.
  43308. 47348. 39980. 43282. 34392. 51684. 54029. 45082.]
 [33750. 45932. 51920. 41989. 48708. 51246. 32400. 49830. 47995. 36624.
  41490. 47655. 41761. 38150. 43799. 47771. 47869. 47340.]
 [40931. 48410. 56262. 43021. 54941. 47209. 39996. 56641. 58202. 49866.
  40912. 53118. 48631. 48244. 44432. 43340. 54030. 51045.]
 [37495. 42171. 50604. 35280. 38619. 45247. 34351. 39304. 49507. 36388.
  37638. 36864. 36089. 39239. 40359. 38694. 45318. 36603.]]

Execution Time: 0.00399 seconds


Report for Matrix Size 19x19
=====================================

Matrix A:
[[73 60 59 44 35  5 24 25 80 20 46 12 75 50 98 80 70 29 97]
 [ 4 31 87 33 78 52 18 43 46 52 33  3 14 76 50 86 28  2 98]
 [18 13 16 19 50  8 81 80 58  5 77 77 22 26 91 32  6 86 40]
 [99 14  3 90 55 55 37 75 22 84 80 99 34 16 70 33 47 35 61]
 [22 99 77 76 96 50 69 77 48 95 81 22 95 40 13 99 88 99 62]
 [72 19 78 70 60 29 81 29 61 50 39 62 34 13 43 64 17 63 86]
 [99 90 60 34  5 70 22 16 52 90 96 77 12 27  9 41 42 95 89]
 [92 22 85 34 10 90 64 44 82 99 40 60 58 92 58  3 51 34 71]
 [51 22 32 67 79  4 28 36 93 14 70 36  5 27 65 46 92 54 10]
 [52 80  7 25 77 90 91 65 63  6 55 50 80 15 57 52 93 18 11]
 [34 89 28 90 40 56 13 36 78  7 39 29 86 35 69 40 49 97 79]
 [75 84  9 98 93 28 11 43 23 60 37 48 18 27 76 73 39 65 31]
 [27 58 38 71 35 58 48 78 68 67 90 92 54 97 48 62 35  2 29]
 [49 53  2 72 90 60  6 33  6 67 96 70 50  6 93  2 57 11 78]
 [11 30 69 78 17 51  3 44 47 65 39  5  6  7 18 88 21 13 16]
 [35 48 80 76  6 69 80  6 73 78 77 97 88 35 25 40 76 92 83]
 [84 86 42 30 72  8 60 97 55 32  6  9  4 72 31 32 50 26 56]
 [ 7 88 28 88 91 61 31 24 34 40 51 10 22 96  3 28 86 13  8]
 [64 50 94 86 61 21 18 93 17 27 18 76 92 42 79 23 17 53 76]]

Matrix B:
[[26 10 76 82 69  8 34 15 77 33 48 28 23 93 87 37 50 31 66]
 [43 48 63 94  6 23 65 97 83 90  4 18 89 49 25  6 46 86 47]
 [13 16  2 72 45  6  5 26 95 23  8  5 80  1 14 35 62 65 66]
 [85 26 42 51 38  8 47 35 91 89 10 38 55 11 75 88 89  4 58]
 [29 68 85 87 82 12 25 25 77 67 32 91 93 27 72 26 51 72 80]
 [62 13  6 50 73 93 21 78 69 80  3  9 98 39 80 37 33 41 97]
 [ 8 99 32 41 76 29 93 60 81 13 65 89 26 15 49 38 56 43 50]
 [36 82 16 18 90 17 35 44 99 31 29 58 77 99 74 38 55 26 86]
 [61 68 44 68 56 20 45 72 28  8 78 17 97 73 89 83  4 91 85]
 [75 76 50 64 26  2 63 12 55 42 95 98 57 91  4 19 81 27 43]
 [59 57 43 55 74 69 72 39 15 89 92 78 19 39 48  7 45 65 98]
 [92 68 79 31  1 87 50  5 99 38  4 73 82 53 85 40 14 59 63]
 [50 35 42 88 61  2 81 20 91 34 76 34 86 82  1 25 80 54 23]
 [29 90 33 46 39 82 78 27 11 91 62 43 13 43 91 87 74 52 87]
 [22 32 26 92 87 52 58 39 86 40 35  9 66 54 44 13 46 51 44]
 [33 67 40 40  6 35 74 40 95 10 97 37 89 35 95 93 54 51 38]
 [29 61 78 66 73 10  8 86 21  3 44 55 49  5 86 88 49 18 83]
 [54 64 99 13 67 83 17 76 42 51 63 40 24 23 15 84 18 69 24]
 [18 45 56 14 83 54 67 37 80 85 48 91 89  1 75 77 55 55 77]]

Multiplication Result:
[[36938. 49079. 47224. 59940. 56084. 31025. 50735. 43333. 66738. 44698.
  50049. 42070. 64658. 41843. 58618. 50781. 50646. 51683. 61045.]
 [31006. 45169. 34009. 46465. 46430. 29726. 41380. 34608. 57490. 43184.
  39917. 40606. 59342. 30948. 51885. 43498. 45433. 43805. 57148.]
 [34314. 49422. 40033. 40074. 49940. 36312. 42146. 34993. 55366. 36677.
  40009. 42393. 48286. 36110. 47330. 37021. 34751. 44299. 50835.]
 [49480. 52423. 51653. 54882. 57817. 37560. 49671. 37584. 71711. 50936.
  46117. 54906. 61776. 49625. 62874. 45429. 51679. 44432. 66150.]
 [56831. 73568. 64983. 73397. 70618. 41344. 64215. 61121. 88732. 63269.
  65920. 66686. 85187. 53940. 68983. 63986. 69685. 66679. 80139.]
 [40937. 50904. 47768. 52055. 54025. 33358. 47790. 38822. 71033. 44090.
  46261. 49276. 62416. 38651. 56653. 49149. 48418. 49408. 59855.]
 [48905. 51510. 54480. 54739. 52060. 42769. 48635. 46612. 65987. 54327.
  48925. 50144. 62283. 45191. 57088. 48345. 47658. 54190. 66109.]
 [47142. 56323. 47556. 61818. 62081. 40883. 53223. 44535. 70622. 51333.
  51498. 50440. 66736. 51981. 62808. 51862. 55673. 53182. 72649.]
 [36352. 46079. 44710. 49442. 49016. 27392. 36312. 38991. 50781. 35952.
  40755. 39124. 50575. 33967. 54421. 44583. 38280. 42595. 56011.]
 [41299. 53920. 47549. 60486. 58431. 34145. 48995. 49946. 68274. 43427.
  44203. 45804. 66634. 45360. 61017. 43262. 46846. 50484. 64914.]
 [45243. 48918. 50515. 56744. 56108. 37509. 48157. 49584. 67809. 52800.
  43962. 40968. 67020. 41191. 55994. 52061. 48472. 53035. 60510.]
 [43543. 48591. 51390. 55926. 48794. 31665. 44849. 40471. 67447. 49638.
  41182. 44954. 60233. 42346. 56309. 44807. 48493. 45778. 56830.]
 [50735. 60770. 46100. 58906. 53414. 41396. 57432. 43171. 70456. 54070.
  50405. 52026. 67525. 50879. 65498. 49656. 54807. 52777. 71280.]
 [43197. 43961. 46792. 54941. 53722. 33755. 44560. 36013. 62663. 52186.
  38218. 49058. 59569. 40130. 52187. 34935. 47003. 43208. 60241.]
 [30271. 31250. 24373. 35073. 29991. 18549. 28967. 27745. 45186. 29508.
  30164. 26612. 44585. 26666. 36966. 32939. 34287. 29417. 40552.]
 [55503. 61473. 57487. 62204. 61000. 45375. 58125. 52076. 77027. 55178.
  56358. 57354. 73015. 45791. 62445. 59105. 57393. 59219. 71755.]
 [30359. 49430. 42015. 49011. 49466. 24826. 41082. 39520. 58650. 40543.
  37454. 41617. 53348. 39917. 54164. 42082. 44069. 43201. 57204.]
 [36560. 45807. 39517. 49712. 42102. 27596. 38696. 40314. 48489. 47107.
  34214. 39368. 50603. 30088. 50753. 41384. 44889. 39692. 56719.]
 [43063. 48929. 47118. 57192. 56910. 33164. 47536. 37506. 78876. 50626.
  38944. 45520. 67882. 45614. 54897. 46117. 54349. 49610. 61394.]]

Execution Time: 0.00499 seconds


Report for Matrix Size 20x20
=====================================

Matrix A:
[[88  8 82 86 82 61 38  9 16 27 93 21 52 65 16 47 87 62 39  4]
 [58 63 31 34 51 66 21 20 97  1 15 26 30 37 98 31 70 44 90 74]
 [32 77 61 17 81 61 35 85 90 24 49 18 29 73 26 70 30 53 97 59]
 [53  8 14 22 97 95 14 80 88 30 76 44 67 49 80 14 61 48 28 72]
 [50 81  8 36 31 45 27  3 34 75  5 24 48 77 32 90  7 91 99 95]
 [83 96 16 36 20 61 97 93 79 19 85 74 54 60  7  7 49 79 80  2]
 [36 96 72  3  1 76 99 49 93 72 16 68 97 31 98 72 53 50 75 69]
 [20 88 26 72 97 27 43 35 96 99 32 71 20 74 83 42 81 11  2 47]
 [47 35 53 93 99  9 81  7 42 46 96 61 68  3 63 62 45 43 63 76]
 [18 33 62  1  1 87 36 39 66 38 31 64 60 87 69 70 13  2 59 37]
 [ 1 65 17 56 88 41 90 70 33 56 89 88 61 70 13 78 17 25 84 29]
 [39  3 32 63 93 19 10 10 68 47 43 32  6 93 55 83 62 62 33 90]
 [89 81 24  7 94 10 70 32 81 24 42 73  3 92 90 12 83  9 27 12]
 [59 66 75 13 50 95 93  5 88 73 58 61 95 66 94 30 71  9 88 10]
 [92 88 85 42 44 80 91 48 90 98 53 88  6 54 61 95 75 99 67 90]
 [16 62 92 14 59 84 89 93 92 40 62 66 40 86 90  1 64 54 38 90]
 [75  8 66 39 23 34 54 63 69 85 74 99 76 71 60 62 43 55  3 36]
 [34 92 36  7 84 32 17 98  6 31  6 84 88 48 90 55 99 90 19 59]
 [96  6  5 18 22  2 76 87 51 70 59 93  7 76 15 77 13  2 29 41]
 [10 41 85 38  1 73 93 42  8 45 23  2 24 50 43 82 93 37 66 20]]

Matrix B:
[[ 6 62 16 87 78 90  7 65 62 62 39 10 33  3 65 67 42 51 70 79]
 [31 92 16 96 64 84 37  2  5 95 17  2  3 78 27 10 32 24 23 88]
 [39 90 65 63 39 24  3 65 48 72 38 65 11 88  2 57 66 19 82 49]
 [17 40 55 15 47 45 33 43 77 54  7 40 96 28 49 73 41 69 73 23]
 [75 90 69 61 45 36 64 53 22 37 34 66 10 27 70  3 11 50 89 51]
 [46 13 82 11 11 44  6 55 11 42 23 20 97 56 85 48 49 11 69 64]
 [27 86 12 55  8 85  2  6 17 65 80 24 79 40 51 24 76 26 78 50]
 [23 60 81 19 11  6 82 31 11 57  1 16 15 10 41 92 55 31 86 47]
 [77 49 73 92 62  5 98  9 71  2 79 83  3 97 28 84 52 94 84 81]
 [95 18 30 98 75 18  6 65 91 21 57 82 37 74 34 49 75 99 10 71]
 [77  5 72  8 52 71 81 66 60 59 33 22 61 46 89 52 38 34 74 35]
 [20 21 85 54 72 68 63 50 11 73 62 17 38 25 32 11 56 84 16 71]
 [44 17 73 42 98 73  3 16 63 43  3 59 76 56 69 81 20 73 94 27]
 [56 87 47 16 66 25 43 29 89 25 67 42 94 37 73 35 38 14 50 14]
 [22 10 81 19 36 95 10 95 36 51 15 90  3 83 40 68 88 94  5  3]
 [61 35 50 91 20 64 94 74 31 12 86 65 70 10  1 89 71 26 35  3]
 [80 75 33 67  1 26 33 52  4 63 67  2 69 17 35 76 91 71 38 19]
 [69 91 77 29 40 32 92 14 80 16 97 82 67 59 92 74 79 71 87 82]
 [ 9 59 16 15 17 99 22 57 10 78 62 64 83 39 49 24 33 80 10 28]
 [61 24 31 69 50 36 53 77 44 99 53 49 68 84 28 80 65 54 78 86]]

Multiplication Result:
[[47983. 54077. 52790. 45103. 43077. 50147. 38184. 47697. 45646. 48114.
  44966. 41542. 56544. 40214. 53653. 53790. 50348. 48660. 62688. 42696.]
