
Relatório de atividade


Atividade 1 Análise de Algorítmos
Nome: Pedro Kourly
Turma: 6ºP Ciência da Computação
Professor: André Chaves
===================================
          Multiplicação tradicional [O(n³)]
==================================
Report for Matrix Size 1x1
=====================================

Matrix A:
[[13]]

Matrix B:
[[51]]

Multiplication Result:
[[663.]]

Execution Time: 0.00001 seconds


Report for Matrix Size 2x2
=====================================

Matrix A:
[[63  1]
 [74 13]]

Matrix B:
[[90 23]
 [96  6]]

Multiplication Result:
[[5766. 1455.]
 [7908. 1780.]]

Execution Time: 0.00001 seconds


Report for Matrix Size 3x3
=====================================

Matrix A:
[[27 58 31]
 [72 83  4]
 [29 13 66]]

Matrix B:
[[63 28 31]
 [79 80 94]
 [71 76 95]]

Multiplication Result:
[[ 8484.  7752.  9234.]
 [11377.  8960. 10414.]
 [ 7540.  6868.  8391.]]

Execution Time: 0.00002 seconds


Report for Matrix Size 4x4
=====================================

Matrix A:
[[62 29 31 58]
 [44 92 33 20]
 [55 96 77 99]
 [54 79 72 68]]

Matrix B:
[[81 62 14 63]
 [79 25 98 47]
 [72 89 45 67]
 [ 1 11 94  4]]

Multiplication Result:
[[ 9603.  7966. 10557.  7578.]
 [13228.  8185. 12997.  9387.]
 [17682. 13752. 22949. 13532.]
 [15867. 12479. 18130. 12211.]]

Execution Time: 0.00005 seconds


Report for Matrix Size 5x5
=====================================

Matrix A:
[[86 78 63 59 77]
 [ 1 39 35  2 26]
 [62 11 61 23 14]
 [61 51  7 96 24]
 [15 68 98 64 79]]

Matrix B:
[[45 43 38 87 75]
 [41 55 20 72 45]
 [64 98  2  7 20]
 [95 84 84 91 39]
 [21 48 33 40 87]]

Multiplication Result:
[[18322. 22814. 12451. 21988. 20220.]
 [ 4620.  7034.  1914.  4362.  4870.]
 [ 9624. 11853.  5092.  9266.  8480.]
 [14908. 15330. 12208. 18724. 12842.]
 [17474. 23157. 10109. 15871. 15514.]]

Execution Time: 0.00010 seconds


Report for Matrix Size 6x6
=====================================

Matrix A:
[[66 75 66 56  7  6]
 [22 70 98 76 96 90]
 [46 82  7 71 11 82]
 [78 58 81 76 50 49]
 [54 32 45 77 24 26]
 [51 70 26 93 99 86]]

Matrix B:
[[78 15 43 19 40 98]
 [31 30 23 24 44 87]
 [79 13 39 11 99 57]
 [23 47 52 95 56 21]
 [47 81 83 23 35 38]
 [42 37 83 54 73 63]]

Multiplication Result:
[[14556.  7519. 11128.  9585. 16293. 18575.]
 [21668. 18382. 25768. 17464. 27848. 24746.]
 [12277. 10503. 15548. 14345. 16488. 19116.]
 [20437. 13398. 20016. 14781. 23274. 23890.]
 [12750.  8880. 12967. 11560. 15073. 14808.]
 [18606. 18775. 25008. 18691. 22645. 23703.]]

Execution Time: 0.00019 seconds


Report for Matrix Size 7x7
=====================================

Matrix A:
[[76 27 30  7 69 50 88]
 [60 24 31 86 48 24 35]
 [49 21 81 36 34 39 33]
 [77 10 75  1 59 69 52]
 [88 25 48 99 71 27 67]
 [78 92  4 33 30 72 41]
 [57 37 76 67  3  1 81]]

Matrix B:
[[53 41 26 44 50 37  8]
 [25 18 25 23 33 22  9]
 [32 92 72 63 29 22 36]
 [90 80 84 77 20 47 66]
 [97  3 89 30 69 32 20]
 [25  8 41  8 11 19 86]
 [71 20 75 44 62 78 33]]

Multiplication Result:
[[20484.  9289. 20190. 12736. 16468. 14417. 10977.]
 [20253. 13660. 19497. 14939. 12157. 12194. 11667.]
 [15570. 13793. 17755. 13298. 11033. 10152. 10996.]
 [17961. 12086. 19716. 13030. 14429. 12021. 12302.]
 [28054. 18163. 27136. 20388. 17947. 17526. 15144.]
 [17153.  9348. 16085. 11621. 13116. 12075. 11919.]
 [18475. 16992. 19890. 16968. 12855. 14177. 10766.]]

Execution Time: 0.00026 seconds


Report for Matrix Size 8x8
=====================================

Matrix A:
[[71 28 32 13 11 29 82 81]
 [40 18 52 32 87 58 91  8]
 [59 86 95 27 69 31 57 50]
 [50 25 93 90 62 56 55 92]
 [72 53 75 70 40 81 93 92]
 [82 18 40 84 50 39 19 30]
 [31 21 66 57 86 43 20 55]
 [ 7 15 74 52 21 54 40 53]]

Matrix B:
[[51 65 66 55 21  6 96 58]
 [93 42 92 32 79 29 22 71]
 [98 17 97 37 68 84 64 89]
 [92 69 99 90 81 85 61 80]
 [83 17 87 89 35 26 70 32]
 [43  5 67 48 90 38 73 25]
 [35 90 60 86 74 46 69 93]
 [94 77 78 17 52 45 44 49]]

Multiplication Result:
[[23201. 21181. 25791. 17955. 20207. 13836. 22382. 22666.]
 [25406. 17023. 30047. 26069. 23805. 16862. 26471. 23875.]
 [36556. 21233. 39094. 25323. 28703. 20967. 28509. 30877.]
 [40396. 25459. 43153. 29591. 32703. 26897. 33063. 33159.]
 [41097. 29550. 45496. 31741. 36825. 26755. 36326. 36676.]
 [26816. 17627. 29707. 22592. 20894. 16520. 24930. 22126.]
 [30103. 15664. 31876. 22322. 22635. 18449. 24098. 22105.]
 [24235. 14239. 26147. 17085. 21887. 17936. 19414. 20556.]]

Execution Time: 0.00038 seconds


Report for Matrix Size 9x9
=====================================

Matrix A:
[[29  5 17 19 67  1  3 51 12]
 [97 67 55 91 79 59 53 38 46]
 [34  1 49 23 92 51 66 34 29]
 [24 29 26 53 90 72 60 92  8]
 [98 97 40 52  2 75 76 45  2]
 [ 3  8 52 31 75  3 87 91 77]
 [52  6  7 76  1 16 27 18 64]
 [27 57 78 16 73  1 99  5 29]
 [ 7 39 62 58 90 40 12 55 25]]

Matrix B:
[[ 9 20 41 28 80 30 68 85 42]
 [ 8 63 52 80 53 91 57 44 77]
 [74 57 60 43 63 18 12 40 19]
 [64 79 43 70 13 28 20 56 35]
 [ 3 94 37 26 49 69 63 60 21]
 [81 55 94 17 94 19 31 62 19]
 [82 92 41 41 67 80 89 39 66]
 [ 1 20 20 44 64  9 56 33 59]
 [ 9  4 42 53 47 69 27 81  5]]

Multiplication Result:
[[ 3462. 11062.  7506.  8035. 11309.  8332. 10540. 11283.  7284.]
 [21117. 32976. 28008. 26151. 33521. 26873. 27788. 33934. 22213.]
 [15526. 23674. 18177. 13747. 23422. 17541. 19355. 20909. 12649.]
 [16950. 27788. 21065. 18316. 27246. 19069. 23267. 23212. 18276.]
 [20322. 26672. 24922. 22393. 31391. 22129. 25502. 26491. 23313.]
 [14309. 23324. 16670. 18783. 23572. 20946. 21640. 21742. 15943.]
 [10005. 11895. 11828. 13146. 13429. 11471. 11180. 17103.  8928.]
 [16179. 26082. 17611. 17521. 22290. 22871. 20845. 19636. 16091.]
 [13449. 23677. 18261. 17299. 20956. 16649. 16336. 20227. 13317.]]

Execution Time: 0.00053 seconds


Report for Matrix Size 10x10
=====================================

Matrix A:
[[20  3 70 40 19 26 98 67 95 69]
 [32 36 52 40 19 53 37 47  9 49]
 [57 88 79 78 15 38 55 96 49 52]
 [43 50 70 79 44 28 34 69 78  6]
 [ 1 99 98 53 21 62 14 40  3  9]
 [24 21 99 27 83 10 48 28 66 34]
 [90 25 90 90 71 17 88 20 41 87]
 [10 94 44 28 19 50 70 85 83  4]
 [93  2 24 18 79 46 62 56 58 56]
 [81 33 36 43 20 13 49  2 25 36]]

Matrix B:
[[93 65 57 75 53 54 75 62 33 15]
 [71 31 31 79 94  7 45 43 30 32]
 [43 35 82 19 41 32 22 85 37 91]
 [52 48 39 74 30 38 94 94  8 62]
 [44 39 83 73 95 16 39  1 36 56]
 [14 53 86 60 94 27 53 58 99 54]
 [98  6 61 80 95 79 68 52 28 75]
 [58 23  9 58 92 82 86 96 18  3]
 [65 14 70 79 92 68 58 93 80 41]
 [74 92 94 75 16 92  4 43 84 51]]

Multiplication Result:
[[33134. 17689. 32063. 33380. 34979. 31911. 27266. 35936. 24264. 26679.]
 [21989. 16423. 22815. 23831. 24650. 18796. 19750. 24185. 17029. 18554.]
 [38185. 23549. 32547. 39614. 41266. 30785. 34950. 42453. 23926. 27662.]
 [29843. 17222. 27601. 32577. 35881. 23574. 30435. 35764. 19435. 23750.]
 [20437. 15087. 22574. 23285. 28220. 13325. 20375. 26482. 16055. 21663.]
 [26310. 15723. 29935. 27225. 30692. 20939. 20864. 26791. 19263. 25027.]
 [40944. 27331. 40746. 41262. 37217. 32314. 32415. 37872. 25421. 33592.]
 [29969. 13744. 25282. 32858. 40685. 23836. 28871. 33644. 21102. 21774.]
 [32117. 20954. 32156. 34438. 35744. 27580. 27424. 28733. 23647. 21719.]
 [23929. 15083. 21188. 23499. 20998. 17109. 18961. 20930. 13778. 16577.]]

Execution Time: 0.00073 seconds

Multiplicação otimizada [O(n^2.81)]
==================================
Report for Matrix Size 1x1
=====================================

Matrix A:
[[79]]

Matrix B:
[[52]]

Multiplication Result:
[[4108]]

Execution Time: 0.00001 seconds


Report for Matrix Size 2x2
=====================================

Matrix A:
[[93 10]
 [74 76]]

Matrix B:
[[ 9 67]
 [43 53]]

Multiplication Result:
[[1267 6761]
 [3934 8986]]

Execution Time: 0.00001 seconds


Report for Matrix Size 3x3
=====================================

Matrix A:
[[39 77 85]
 [50 54 61]
 [30 53 19]]

Matrix B:
[[ 1 24 15]
 [37 75 14]
 [81 23 71]]

Multiplication Result:
[[9773 8666 7698]
 [6989 6653 5837]
 [3530 5132 2541]]

Execution Time: 0.00001 seconds


Report for Matrix Size 4x4
=====================================

Matrix A:
[[20 28 44 81]
 [35 15  6 10]
 [58  9  6 52]
 [ 5 42 22 87]]

Matrix B:
[[49 88 55 44]
 [98 28 14 58]
 [69 10 30 60]
 [71 10 14 63]]

Multiplication Result:
[[12511  3794  3946 10247]
 [ 4309  3660  2455  3400]
 [ 7830  5936  4224  6710]
 [12056  2706  2741  9457]]

Execution Time: 0.00000 seconds


Report for Matrix Size 5x5
=====================================

Matrix A:
[[77 94  1 55 60]
 [32 73 79 80 72]
 [66 12 45 82 44]
 [41  3 43 22 26]
 [70 79 17 33  8]]

Matrix B:
[[ 4 17 61  7 19]
 [37 63 83 43 97]
 [40 24 15 37 33]
 [57 49 15 83 93]
 [38 63 61  4 41]]

Multiplication Result:
[[ 9241 13730 16999  9423 18189]
 [13285 15495 14788 13214 20688]
 [ 8854  9748  9611  9625 13333]
 [ 4237  4634  5311  3937  5601]
 [ 6068  8696 12065  7287 12951]]

Execution Time: 0.00001 seconds


Report for Matrix Size 6x6
=====================================

Matrix A:
[[ 9 59 66 51 26 78]
 [17 70 54 42 87 51]
 [46  4 90 63 56 77]
 [63 90 29 16  7 44]
 [33 54 30  5 42 49]
 [23 76 17 85 96 47]]

Matrix B:
[[27 93 94 95 45 40]
 [ 9 90 81 50 10 95]
 [ 5 52 53 18 58  7]
 [15 72 23 18 83 39]
 [94 55  4 91 94 91]
 [49 23 66 17 33 60]]

Multiplication Result:
[[ 8135 16475 15548  9603 14074 15462]
 [12666 19671 14810 15627 17944 20323]
 [11710 18705 16173 13729 20364 15023]
 [ 5710 18016 18049 12680  8855 15174]
 [ 7951 13286 12583 11120  9745 13617]
 [13992 22344 14660 17356 20411 23130]]

Execution Time: 0.00001 seconds


Report for Matrix Size 7x7
=====================================

Matrix A:
[[56 82 72  3 97 33 82]
 [70 85 19 67 19 30 13]
 [66 29  9 77  8 37 30]
 [85 13 73 74 78  8 37]
 [59 75 54 29 27 47 26]
 [25 11 38 16 40 91 81]
 [66  6 26 92 17 60 57]]

Matrix B:
[[98 54 36 15  3 74 23]
 [39 33 23 86 51 15 16]
 [69 71 38 61 56 75 38]
 [99 95 51 78 48  1 99]
 [20 16 40 56 11 46 13]
 [73 14 56 78 40 85 30]
 [93 56 55 22 38 80 25]]

Multiplication Result:
[[25926 17733 17029 22328 14029 24604  9934]
 [21898 15751 11769 18435 10728 12411 11797]
 [21494 14801 11354 14033  8585 11984 11911]
 [26785 20664 15510 18424 11142 19262 14442]
 [21693 14796 12522 18641 11583 16887  9891]
 [22061 12381 14564 16007 10690 20936  9054]
 [27625 18652 15369 17154 11129 17458 15156]]

Execution Time: 0.00001 seconds


Report for Matrix Size 8x8
=====================================

Matrix A:
[[28 77 79 92 20 37 14 58]
 [99 87 42 70 48 40 67 61]
 [85 63 24 85 83 17 86 95]
 [ 8 78 54 49 66 98 98 35]
 [39 25 40  6 28 79 29 78]
 [19 42  1  9 47 87 82 37]
 [13 86 45 20 61 81 58 38]
 [ 2 94 67 62 46 54 85  2]]

Matrix B:
[[30 81 62 65 79 32 51 83]
 [54 87 57 75 24 51 99 11]
 [36 26 98 33 67 38 57 41]
 [58  1 66 71 13 63 96 18]
 [75 93  7 74 26 86 19 92]
 [31 49 98 85 40 26 58 63]
 [48 74 33 93 81  7 56 19]
 [18 42 26 67 33 10 95 98]]

Multiplication Result:
[[17541 18258 25675 26547 15597 16981 31206 18187]
 [22394 30694 27886 36586 23921 19858 35555 26343]
 [24336 31981 24378 39027 23879 21332 36504 29913]
 [22560 28549 27678 36304 21488 18633 31663 22156]
 [11653 18277 19082 22866 15250  9866 21468 21008]
 [14220 21484 16787 26035 15258 10603 20094 17231]
 [18368 25255 22705 29539 17144 15910 26377 19771]
 [20384 23442 24611 29826 18016 17285 28135 14508]]

Execution Time: 0.00001 seconds


Report for Matrix Size 9x9
=====================================

Matrix A:
[[99 35 42 92 35 41 86 27 56]
 [18 26 56  8 11 71 46 18 41]
 [21 84 80 92 44  2 67 90 38]
 [96  3 96 35 13 14 76 58 51]
 [ 1 30 48 60 94 74 62  9 45]
 [74 12 80 22 48 57 84 68 91]
 [60 36 29  8  1 25  6 71  7]
 [28 22 92 81 29 83 31 97 57]
 [90 98 33 48 60 75 88 87 67]]

Matrix B:
[[47  9 29 72 83  3 45 47 68]
 [21 66 16 84 50 51 85 62 87]
 [31 41 59 67 50 79 85 72  1]
 [36 91 23 54 68 40  5 61 69]
 [79 16 73  7 19  1 61 45 65]
 [53 25 15  6 48 95 48 33 51]
 [83 90  7 62 88 73 77 35 53]
 [58 92 69 59  9 17 93 44 48]
 [38 64 32 28 52 98 35  5 18]]

Multiplication Result:
[[25772 28688 15452 26834 31679 25235 26656 22865 27395]
 [14468 15273  9170 13229 16097 20562 18550 12423 12470]
 [24350 34881 19926 29744 25813 24726 32984 26108 26681]
 [22190 24181 16626 25223 26079 22300 27406 20259 18589]
 [23051 22059 15188 15785 21278 23938 23447 18486 21278]
 [28189 28573 20115 25330 28622 29703 32901 21752 23055]
 [11049 12994  9824 14633 11524  9334 16836 11867 12985]
 [24601 30748 20551 24344 24632 29126 30511 23927 22942]
 [32650 36046 21497 32850 34035 31449 39897 28028 35762]]

Execution Time: 0.00001 seconds


Report for Matrix Size 10x10
=====================================

Matrix A:
[[26 20 25 28 58 87 96 83 72 24]
 [43 85 78 10 25 11 90 96 75 72]
 [72 77 68 41 44 16 42 99 42 12]
 [34 70  3 35 14 66 14 92 59 74]
 [47 11 58 51 66 43 93  6 60 83]
 [90 99 20 11 84 73 30 64 26 16]
 [85 77 19 90 44 28 81 92 59 82]
 [92 57 19 24 15 32 97 71 74 18]
 [68 57 11 50 85 23 27 19 37 19]
 [79 21 58 64 25 75 18 39 82 73]]

Matrix B:
[[80 26 35 66 90 30 64 79 64 77]
 [12 63 80 13 88 48 99 60 15 88]
 [59 10 53 40 10 57 19 55  4 57]
 [12 20 88 92 50 17 85 77 94 66]
 [70 45  6  8 74 46 40  7 87 40]
 [55 47 88 86 29 17 50 95 56 76]
 [79 78 78 40  2 95 54 58  2 32]
 [39 68 34 23 69 53 18 10 49  4]
 [36 72 77 81 78 26 84 17 97 87]
 [ 7 40 15 74 23 16 56 26 97 73]]

Multiplication Result:
[[26557 28721 30517 26855 24652 23563 27239 23702 28185 27387]
 [25595 30923 31576 26340 29109 28063 31969 24104 27213 32778]
 [23923 24467 27620 22220 30173 23246 27818 23485 24786 28148]
 [16103 24312 25794 25213 26630 15836 27510 20773 28879 28186]
 [25233 23808 27590 29343 21648 21919 29142 24669 30700 31446]
 [25509 25412 26784 21951 32767 21058 29738 25758 27025 31062]
 [27230 32449 36009 34614 36182 26776 39812 31031 38874 38311]
 [25485 27274 29753 25492 28003 23411 29872 24788 24769 28939]
 [18927 18197 20343 18847 25391 15392 24976 18906 25051 24873]
 [23043 22767 30040 34006 27565 17274 31077 27645 34976 35356]]

Execution Time: 0.00001 seconds

